27 99 53 32 42 35 23 66 4 29 
29 39 36 56 23 74 59 28 52 51 
7 24 78 19 46 91 80 83 27 84 
47 21 67 63 64 77 58 53 67 55 
98 7 85 38 75 68 60 18 57 36 
83 71 38 24 37 38 82 50 26 26 
41 18 22 21 2 57 31 9 6 31 
25 69 10 19 17 47 64 88 18 91 
9 43 15 75 83 42 37 16 70 46 
75 23 80 28 88 13 43 10 56 36 
93 13 39 92 98 19 68 8 88 28 
92 21 98 33 89 86 91 85 62 90 
60 44 95 37 81 31 57 74 18 13 
55 56 45 10 31 27 87 12 18 83 
47 55 36 17 18 40 28 67 86 68 
64 77 68 48 16 9 4 17 17 45 
92 27 14 79 73 24 33 5 41 25 
69 61 99 62 77 47 66 40 39 80 
62 44 88 60 17 80 61 51 29 21 
1 35 76 49 64 35 15 98 32 82 
